# B-factors of Gutenberg-Richter
  8     # Number of depth samples
   0.00 100.00 200.00 300.00 400.00 500.00 600.00 700.00
 100     # Number of distance samples
  11.00  12.00  13.00  14.00  15.00  16.00  17.00  18.00  19.00  20.00
  21.00  22.00  23.00  24.00  25.00  26.00  27.00  28.00  29.00  30.00
  31.00  32.00  33.00  34.00  35.00  36.00  37.00  38.00  39.00  40.00
  41.00  42.00  43.00  44.00  45.00  46.00  47.00  48.00  49.00  50.00
  51.00  52.00  53.00  54.00  55.00  56.00  57.00  58.00  59.00  60.00
  61.00  62.00  63.00  64.00  65.00  66.00  67.00  68.00  69.00  70.00
  71.00  72.00  73.00  74.00  75.00  76.00  77.00  78.00  79.00  80.00
  81.00  82.00  83.00  84.00  85.00  86.00  87.00  88.00  89.00  90.00
  91.00  92.00  93.00  94.00  95.00  96.00  97.00  98.00  99.00 100.00
 101.00 102.00 103.00 104.00 105.00 106.00 107.00 108.00 109.00 110.00
# B-factor for mb at z =   0.00
     4.201
     4.101
     4.001
     3.601
     3.301
     2.901
     2.901
     2.901
     3.001
     3.001
     3.101
     3.201
     3.301
     3.301
     3.501
     3.401
     3.501
     3.601
     3.601
     3.601
     3.701
     3.701
     3.701
     3.701
     3.701
     3.601
     3.501
     3.501
     3.401
     3.401
     3.501
     3.501
     3.501
     3.501
     3.701
     3.801
     3.901
     3.901
     3.801
     3.701
     3.701
     3.701
     3.701
     3.801
     3.801
     3.801
     3.801
     3.801
     3.801
     3.801
     3.901
     4.001
     3.901
     4.001
     4.001
     4.001
     4.001
     4.001
     4.001
     3.901
     3.901
     3.901
     3.901
     3.801
     3.801
     3.901
     3.901
     3.901
     3.801
     3.701
     3.801
     3.901
     4.001
     4.001
     4.001
     3.901
     4.001
     4.101
     4.001
     4.001
     4.101
     4.101
     4.201
     4.101
     4.201
     4.301
     4.401
     4.501
     4.501
     4.401
     4.301
     4.401
     4.501
     4.601
     4.701
     4.801
     4.901
     4.901
     5.001
     5.101
# B-factor for mb at z = 100.00
     3.601
     3.401
     3.301
     3.001
     3.001
     3.001
     3.001
     3.001
     3.101
     3.101
     3.101
     3.101
     3.101
     3.201
     3.201
     3.301
     3.301
     3.401
     3.401
     3.501
     3.501
     3.501
     3.601
     3.601
     3.701
     3.701
     3.701
     3.701
     3.701
     3.601
     3.601
     3.601
     3.501
     3.501
     3.501
     3.601
     3.601
     3.601
     3.701
     3.701
     3.801
     3.801
     3.801
     3.801
     3.801
     3.801
     3.801
     3.801
     3.801
     3.901
     3.801
     3.801
     3.701
     3.701
     3.701
     3.701
     3.701
     3.601
     3.601
     3.601
     3.601
     3.601
     3.601
     3.601
     3.601
     3.601
     3.601
     3.601
     3.601
     3.601
     3.601
     3.601
     3.701
     3.701
     3.701
     3.701
     3.801
     3.801
     3.901
     3.901
     4.001
     4.101
     4.101
     4.201
     4.201
     4.301
     4.301
     4.301
     4.401
     4.401
     4.401
     4.501
     4.601
     4.701
     4.801
     4.801
     4.901
     4.901
     5.001
     5.001
# B-factor for mb at z = 200.00
     3.201
     3.201
     3.201
     3.201
     3.201
     3.201
     3.201
     3.201
     3.301
     3.301
     3.301
     3.301
     3.401
     3.401
     3.401
     3.501
     3.501
     3.501
     3.501
     3.501
     3.501
     3.401
     3.401
     3.401
     3.401
     3.401
     3.401
     3.301
     3.301
     3.301
     3.301
     3.301
     3.301
     3.201
     3.201
     3.201
     3.201
     3.201
     3.201
     3.201
     3.301
     3.301
     3.401
     3.401
     3.401
     3.501
     3.501
     3.501
     3.501
     3.501
     3.501
     3.501
     3.501
     3.501
     3.501
     3.501
     3.501
     3.501
     3.501
     3.501
     3.501
     3.501
     3.501
     3.501
     3.501
     3.501
     3.501
     3.501
     3.501
     3.501
     3.501
     3.501
     3.501
     3.501
     3.501
     3.601
     3.601
     3.601
     3.701
     3.701
     3.801
     3.801
     3.901
     3.901
     4.001
     4.101
     4.101
     4.201
     4.201
     4.201
     4.301
     4.401
     4.501
     4.701
     4.801
     4.901
     4.901
     5.001
     5.001
     5.001
# B-factor for mb at z = 300.00
     3.001
     3.001
     3.101
     3.101
     3.101
     3.101
     3.101
     3.101
     3.101
     3.101
     3.101
     3.101
     3.101
     3.201
     3.201
     3.201
     3.201
     3.201
     3.301
     3.301
     3.301
     3.301
     3.301
     3.301
     3.301
     3.301
     3.201
     3.201
     3.201
     3.101
     3.101
     3.001
     3.001
     3.101
     3.101
     3.101
     3.101
     3.101
     3.101
     3.101
     3.201
     3.201
     3.201
     3.201
     3.201
     3.201
     3.201
     3.301
     3.301
     3.301
     3.401
     3.401
     3.401
     3.501
     3.501
     3.501
     3.501
     3.501
     3.501
     3.501
     3.501
     3.501
     3.501
     3.501
     3.501
     3.501
     3.501
     3.501
     3.601
     3.601
     3.601
     3.601
     3.601
     3.601
     3.601
     3.601
     3.701
     3.701
     3.701
     3.701
     3.701
     3.701
     3.801
     3.901
     3.901
     4.001
     4.001
     4.101
     4.201
     4.201
     4.301
     4.301
     4.401
     4.601
     4.801
     4.901
     5.001
     5.001
     5.001
     5.001
# B-factor for mb at z = 400.00
     3.201
     3.201
     3.201
     3.201
     3.201
     3.201
     3.201
     3.201
     3.201
     3.201
     3.201
     3.201
     3.201
     3.201
     3.201
     3.201
     3.201
     3.201
     3.101
     3.101
     3.101
     3.101
     3.101
     3.101
     3.101
     3.101
     3.101
     3.101
     3.101
     3.101
     3.101
     3.101
     3.101
     3.101
     3.101
     3.101
     3.101
     3.101
     3.101
     3.101
     3.101
     3.101
     3.101
     3.101
     3.101
     3.101
     3.201
     3.201
     3.201
     3.201
     3.301
     3.301
     3.401
     3.401
     3.401
     3.501
     3.501
     3.501
     3.401
     3.401
     3.401
     3.401
     3.401
     3.401
     3.501
     3.501
     3.501
     3.501
     3.501
     3.501
     3.501
     3.501
     3.501
     3.501
     3.601
     3.601
     3.601
     3.601
     3.601
     3.601
     3.701
     3.701
     3.801
     3.801
     3.901
     3.901
     4.001
     4.101
     4.201
     4.201
     4.301
     4.401
     4.501
     4.601
     4.701
     4.801
     4.901
     4.901
     5.001
     5.001
# B-factor for mb at z = 500.00
     3.201
     3.201
     3.301
     3.301
     3.401
     3.401
     3.401
     3.401
     3.401
     3.401
     3.401
     3.401
     3.401
     3.401
     3.301
     3.301
     3.301
     3.301
     3.301
     3.301
     3.301
     3.301
     3.301
     3.301
     3.301
     3.301
     3.301
     3.301
     3.301
     3.301
     3.301
     3.301
     3.301
     3.301
     3.301
     3.301
     3.301
     3.201
     3.201
     3.201
     3.201
     3.101
     3.101
     3.101
     3.101
     3.101
     3.101
     3.101
     3.201
     3.201
     3.201
     3.301
     3.301
     3.301
     3.401
     3.401
     3.401
     3.401
     3.401
     3.301
     3.301
     3.301
     3.301
     3.301
     3.301
     3.301
     3.201
     3.201
     3.201
     3.201
     3.301
     3.301
     3.301
     3.401
     3.401
     3.401
     3.501
     3.501
     3.601
     3.701
     3.701
     3.801
     3.801
     3.901
     3.901
     4.001
     4.001
     4.101
     4.201
     4.201
     4.301
     4.401
     4.501
     4.601
     4.701
     4.701
     4.701
     4.801
     4.801
     4.801
# B-factor for mb at z = 600.00
     2.901
     3.001
     3.001
     3.101
     3.101
     3.201
     3.201
     3.201
     3.301
     3.301
     3.401
     3.401
     3.401
     3.401
     3.401
     3.401
     3.401
     3.401
     3.401
     3.401
     3.401
     3.401
     3.401
     3.401
     3.401
     3.401
     3.401
     3.301
     3.301
     3.301
     3.301
     3.301
     3.301
     3.301
     3.301
     3.301
     3.301
     3.301
     3.301
     3.301
     3.201
     3.201
     3.201
     3.101
     3.101
     3.101
     3.001
     3.001
     3.001
     3.001
     3.101
     3.101
     3.101
     3.201
     3.201
     3.201
     3.201
     3.301
     3.301
     3.301
     3.301
     3.301
     3.301
     3.301
     3.301
     3.301
     3.201
     3.201
     3.201
     3.201
     3.201
     3.301
     3.301
     3.401
     3.401
     3.501
     3.501
     3.601
     3.601
     3.701
     3.801
     3.801
     3.901
     3.901
     4.001
     4.001
     4.101
     4.101
     4.201
     4.201
     4.301
     4.301
     4.401
     4.501
     4.501
     4.601
     4.601
     4.601
     4.701
     4.701
# B-factor for mb at z = 700.00
     2.801
     2.801
     2.801
     2.801
     2.801
     2.901
     2.901
     3.001
     3.001
     3.001
     3.001
     3.101
     3.101
     3.101
     3.201
     3.201
     3.301
     3.301
     3.301
     3.301
     3.301
     3.401
     3.401
     3.301
     3.301
     3.301
     3.301
     3.301
     3.301
     3.301
     3.301
     3.301
     3.301
     3.201
     3.201
     3.201
     3.201
     3.201
     3.201
     3.101
     3.101
     3.101
     3.101
     3.001
     3.001
     3.001
     3.001
     3.001
     3.001
     3.001
     3.001
     3.001
     3.001
     3.101
     3.101
     3.101
     3.101
     3.201
     3.201
     3.201
     3.201
     3.201
     3.301
     3.301
     3.301
     3.301
     3.301
     3.301
     3.301
     3.301
     3.301
     3.301
     3.301
     3.301
     3.401
     3.401
     3.401
     3.401
     3.501
     3.501
     3.601
     3.601
     3.701
     3.801
     3.801
     3.901
     3.901
     4.001
     4.001
     4.101
     4.101
     4.201
     4.201
     4.301
     4.301
     4.401
     4.401
     4.401
     4.501
     4.501
