	-180	-175	-170	-165	-160	-155	-150	-145	-140	-135	-130	-125	-120	-115	-110	-105	-100	-95	-90	-85	-80	-75	-70	-65	-60	-55	-50	-45	-40	-35	-30	-25	-20	-15	-10	-5	0	5	10	15	20	25	30	35	40	45	50	55	60	65	70	75	80	85	90	95	100	105	110	115	120	125	130	135	140	145	150	155	160	165	170	175
90	-3444	-3442	-3427	-3440	-3390	-3263	-3128	-2965	-2825	-2771	-2742	-2675	-2576	-2493	-2524	-2530	-2436	-2331	-2274	-2306	-2395	-2315	-2071	-1868	-1795	-2259	-2859	-3207	-3397	-3569	-3702	-3773	-3820	-3982	-4174	-4262	-4222	-4194	-4097	-4037	-4015	-3924	-3977	-3964	-3950	-4050	-4075	-4041	-3917	-3860	-3893	-3985	-4039	-4043	-4113	-4021	-4159	-4234	-4238	-4208	-4159	-4062	-3650	-2509	-2304	-3049	-3401	-3646	-3703	-3619	-3544	-3514
85	-2196	-2659	-2987	-2987	-3078	-3066	-2991	-3047	-3226	-3382	-3293	-3069	-2737	-2061	-1731	-1300	-905	-659	-590	-160	179	255	-18	-178	-17	-25	30	311	467	335	47	-237	-1059	-1911	-2553	-3188	-2744	-2383	-2586	-2686	-2513	-2606	-2571	-2475	-2195	-2032	-1904	-1628	-1643	-1973	-1972	-1962	-2065	-2135	-2027	-2421	-2857	-3247	-3382	-3358	-3776	-4009	-3846	-3218	-1782	-2175	-2456	-2710	-2952	-2997	-2820	-2345
80	-1409	-2035	-1427	-1555	-2016	-3235	-3807	-3752	-3705	-3362	-2028	-955	-406	-172	-245	-159	-73	194	192	482	249	-186	272	903	1616	2134	2448	2560	2381	2094	1615	525	-93	-259	-909	-2600	-2793	-1907	-494	101	32	-144	-220	-201	-251	-247	-228	-112	-106	-258	-310	-121	-66	-103	-1	50	42	-138	-762	-1260	-1539	-1552	-1088	-749	-205	-111	-121	-316	-734	-898	-1146	-1136
75	-77	-104	-114	-347	-1415	-2376	-2802	-2807	-2454	-1643	-277	0	-53	13	-10	-108	-24	3	47	123	8	-537	-1645	-1218	-153	1241	2438	2886	3058	2683	1234	218	-804	-1994	-2492	-2853	-2939	-2701	-2014	-526	-257	-253	-269	-243	-247	-194	-21	-21	-132	-37	7	10	38	69	160	134	134	178	76	47	76	88	17	13	33	26	1	-7	-28	-41	-50	-55
70	105	23	-13	215	372	541	636	611	477	251	274	216	196	218	189	162	69	194	96	40	-14	182	239	-704	-483	196	1825	2413	1988	652	144	-390	-571	-1270	-2147	-3357	-2384	-1657	-719	378	299	227	122	35	-12	25	35	66	169	119	34	49	61	170	627	726	423	446	371	241	155	816	515	770	596	349	166	238	351	481	326	406
65	-113	-36	-12	100	252	575	804	1241	1133	1272	1198	429	283	308	395	302	174	13	-88	-87	-36	94	51	-450	-1859	-1516	1241	613	-1880	-2432	-1281	-1045	-1129	-870	-1035	-1629	-946	314	494	164	40	111	106	73	116	143	121	261	127	94	90	91	102	129	384	447	467	417	424	253	268	338	469	940	1185	991	620	512	390	356	112	-591
60	-2706	-1045	-172	-3	47	-1024	-2835	-2901	-1127	761	1247	848	577	455	448	380	237	22	-71	-114	50	290	218	130	-2085	-3389	-3117	-2752	-2828	-2141	-2529	-2501	-1272	-1623	-372	25	-113	100	68	-22	2	92	144	145	127	120	150	255	137	77	86	87	107	173	309	341	434	611	955	949	718	809	730	487	-81	-147	-226	135	-614	-2961	-3051	-3748
55	-3430	-3387	-3174	-3574	-4285	-4506	-4174	-3768	-3397	-1610	588	1212	1425	782	591	445	256	317	211	50	185	499	559	388	79	-1051	-3465	-3790	-3285	-3077	-3367	-3459	-3264	-1054	2	80	-4	95	130	133	150	171	167	173	152	115	133	344	210	228	243	170	397	1040	1047	1574	1038	862	1089	859	718	358	710	268	-126	-1231	-723	-470	-4351	-4093	-3848	-3085
50	-5509	-5522	-5479	-5097	-5079	-5045	-4761	-4344	-4042	-3180	-1976	560	1075	1472	945	667	391	381	248	297	325	368	189	-84	-49	-138	-1322	-3764	-4353	-3796	-2913	-3965	-4508	-3734	-2221	-221	253	707	770	309	430	302	78	91	116	1	7	182	126	325	536	587	879	1445	1777	2231	1632	1382	1073	812	510	360	228	171	-391	-2110	-2777	-4996	-5678	-5404	-5552	-5458
45	-5892	-5873	-5718	-5589	-5355	-5166	-4882	-4479	-4143	-3622	-2934	883	1535	1945	1982	1061	484	298	227	249	304	192	-397	-2061	-3500	-2907	-3525	-4740	-4205	-3210	-2597	-3632	-4707	-4475	-798	94	-188	-919	-236	229	546	-75	-662	-812	1037	500	47	115	158	391	1469	2165	1719	1246	1164	1494	1366	1236	1246	996	253	558	-1220	-2490	-620	-3969	-5621	-5565	-5499	-5366	-5122	-5744
40	-5218	-5562	-5682	-5639	-5582	-5466	-5206	-5257	-5100	-4811	-4460	-965	1533	1741	2326	1231	414	245	198	432	139	-2390	-4310	-4862	-5095	-5201	-4995	-4601	-3741	-2288	-2462	-4215	-4773	-4174	-443	-8	-974	-856	-921	-2104	-747	-133	433	890	1210	1295	509	741	446	1494	3837	3009	2422	3536	3418	3761	2341	1455	953	73	-12	-108	-1536	-587	-2792	-5600	-5717	-5249	-4964	-5355	-5137	-4754
35	-4847	-5635	-5719	-5518	-5790	-5442	-5454	-5165	-4788	-4747	-4451	-3636	-417	758	1634	967	274	75	121	108	-1130	-4871	-5011	-4642	-5170	-5225	-4631	-3519	-3171	-3636	-4030	-5137	-4094	-3437	154	958	679	202	130	-1236	-976	-1725	-1001	634	297	795	1642	1192	1183	2142	742	3459	5213	5235	4985	4709	2907	1059	369	124	-25	-131	-1087	-2339	-5009	-5867	-5801	-4586	-5693	-5844	-4890	-4452
30	-4721	-4489	-4585	-5022	-5352	-5431	-5098	-4824	-4607	-4449	-4412	-4123	-3282	-382	1377	1076	-109	-1198	-1849	-70	-2134	-5003	-5211	-5472	-5812	-5308	-4235	-3583	-4737	-5135	-4964	-4860	-3233	-482	484	379	442	629	577	360	188	215	229	645	718	255	572	821	889	619	237	314	1462	2766	2322	2610	2182	838	354	395	-136	-1289	-4022	-4222	-4052	-5507	-5760	-5905	-5787	-5760	-5759	-5410
25	-5242	-4656	-4090	-4226	-3895	-5130	-5362	-5285	-5010	-4830	-4461	-4120	-3858	-2765	-1177	1874	-676	-2530	-1274	-1668	-667	-3659	-5332	-5647	-5656	-5198	-3939	-4354	-5424	-5349	-5233	-4551	-1481	264	333	284	543	969	712	829	548	498	354	-69	965	474	104	-306	-2753	-992	203	430	420	76	375	973	1240	316	158	-503	-2766	-5013	-4994	-4716	-3617	-5263	-5170	-5086	-5068	-5709	-5183	-4536
20	-4427	-4439	-4886	-5369	-4560	-5224	-5394	-5400	-5174	-5057	-4640	-4152	-3828	-3397	-3260	-1299	291	195	-1278	-2289	-2238	-2233	-3682	-3377	-5288	-4904	-3736	-4539	-5276	-5018	-4461	-3365	-1638	187	315	320	432	546	426	387	679	530	416	314	812	754	-34	-2228	-3688	-3283	-389	409	-580	-2205	-1426	331	443	113	-1335	-3368	-2485	-5172	-5604	-4845	-3994	-4304	-4981	-5509	-4995	-5018	-4336	-4228
15	-5480	-5316	-4897	-5294	-5308	-5358	-5280	-4990	-4856	-4888	-4744	-4404	-4159	-3863	-3557	-3231	-3767	-2958	-600	-958	-3183	-1815	-2679	-1562	-3663	-4906	-4341	-4144	-5189	-5666	-5270	-4628	-1772	263	362	302	271	484	371	382	780	685	517	1574	386	-495	-1916	-3740	-4216	-4168	-1674	401	-3003	-3153	-1967	-439	74	140	-3112	-2679	-405	-5201	-5425	-4741	-4316	-5331	-5835	-5479	-4511	-4418	-5299	-5386
10	-5374	-5625	-4982	-4059	-4646	-5013	-4985	-5011	-4766	-4635	-4516	-4334	-4109	-3903	-3672	-3281	-3619	-3623	-2875	-1337	-551	750	307	351	-953	-2546	-4272	-4415	-4100	-4168	-4583	-4137	-3920	-1211	329	187	-147	318	701	513	680	566	546	1875	1002	351	-4156	-3927	-4044	-4432	-2823	-1363	-2760	-3646	-2495	-508	10	-184	-1617	-971	-1978	-4150	-4813	-3989	-3213	-3196	-4274	-4419	-4446	-4136	-4526	-5628
5	-5225	-5261	-5394	-4743	-4031	-4664	-4665	-4469	-4400	-4417	-4453	-4442	-4124	-3914	-3721	-3328	-3267	-2725	-2435	-2876	114	440	279	401	244	122	-1544	-4068	-4208	-3422	-3803	-4187	-4749	-4491	-3838	-4106	-3993	-1375	583	459	472	800	1106	862	128	-2506	-4929	-4580	-3871	-3555	-2850	-3848	-4327	-3995	-3662	-640	75	-48	245	-526	-3479	-2385	-3907	-4354	-3564	-4455	-4222	-2935	-4085	-4450	-4411	-5224
0	-5463	-5171	-5287	-4948	-4812	-4732	-4579	-4490	-4480	-4497	-4561	-4418	-4238	-4080	-3686	-3355	-3502	-3190	-2857	-1965	841	101	68	45	77	85	56	-912	-2607	-4248	-4756	-4823	-4277	-3652	-4479	-4777	-4427	-2801	295	389	464	1077	1278	980	-2312	-4709	-4399	-3891	-4220	-3525	-3670	-4800	-4637	-4319	-4555	-3822	-128	-28	83	-376	-1437	-2027	-699	-660	-1646	-2044	-2801	-2001	-3412	-3914	-4256	-4928
-5	-5309	-4893	-4530	-4187	-5097	-4958	-4935	-4229	-4161	-4583	-4478	-4309	-4198	-3719	-3284	-3918	-3922	-4040	-4143	-3510	1354	197	103	92	208	299	274	338	295	-4282	-5550	-5315	-4197	-3238	-4216	-4639	-5227	-4482	-766	838	828	958	1297	479	-3340	-4250	-3841	-2684	-3543	-3590	-3223	-5032	-4958	-4652	-5023	-5057	-4211	-1423	-598	-941	-2053	-2714	-1231	-34	437	-568	-3036	-2010	-2715	-3631	-4843	-4852
-10	-3062	-4164	-4881	-3961	-5050	-4778	-4347	-4259	-3961	-4114	-3975	-3801	-3610	-3211	-3594	-4142	-3871	-3860	-4304	-4678	-680	2017	414	294	382	334	560	593	-1796	-4763	-5483	-5397	-4163	-3324	-4097	-5110	-5458	-4904	-1221	1383	1148	1213	1079	562	-2454	-2309	-4083	-3947	-2471	-3457	-4501	-5088	-4858	-4273	-5293	-4849	-5024	-4975	-4616	-4831	-1214	-119	34	-39	-323	-2618	-3245	-2842	-3586	-2777	-3250	-3060
-15	-1891	-3977	-5193	-5010	-4660	-4064	-3305	-3025	-3478	-3942	-3927	-3689	-3438	-3214	-3770	-3996	-3994	-4221	-4444	-4478	-3873	-715	2968	489	192	521	734	571	-2258	-4513	-5310	-5145	-4006	-3255	-4212	-5047	-5406	-4871	-151	1170	1026	1008	725	-388	-1649	291	-4271	-3500	-3105	-3252	-4520	-4881	-5113	-3967	-5210	-5524	-5868	-5575	-3700	-2253	-35	292	221	104	185	-572	-2072	-2858	-3543	-2916	-2937	-2090
-20	-2112	-5667	-5479	-4953	-4669	-4514	-4420	-4392	-3777	-3710	-3714	-3485	-3275	-3363	-3806	-3931	-3965	-3988	-4060	-3751	-4555	-3789	3431	458	206	420	631	-148	-3357	-4584	-5281	-5308	-4365	-3389	-4636	-5237	-5012	-3521	-1337	1331	1056	991	296	-2205	-1938	-914	-4573	-4176	-4008	-3279	-3947	-4488	-4730	-3997	-5000	-5571	-5107	-4519	-1995	295	344	398	507	230	229	222	-723	-2047	-2064	-2134	-3529	-3669
-25	-3146	-5334	-5561	-5312	-5101	-4897	-4308	-4033	-4219	-4120	-3833	-3555	-3263	-2916	-3189	-3313	-3480	-3504	-3578	-3808	-4058	-2869	2583	159	107	562	-624	-3026	-4096	-4228	-4928	-4739	-3986	-3285	-4276	-4760	-4299	-4453	-2846	791	1076	1507	-329	-3429	-3738	-2895	-5130	-5076	-4360	-3940	-3464	-3949	-4234	-3699	-4247	-4188	-4619	-5115	-1987	410	458	417	354	52	142	274	-651	-3517	-1946	-2693	-3483	-3856
-30	-4972	-5518	-5436	-5369	-5404	-5252	-5014	-4877	-4525	-4195	-3912	-3797	-3536	-2997	-3264	-3552	-3648	-3601	-3764	-3889	-4089	-1698	1037	177	87	-148	-3021	-4149	-3705	-3499	-4153	-4261	-3675	-3435	-4163	-3998	-4286	-5040	-4064	-597	846	-243	-2869	-4224	-3414	-3206	-4390	-4046	-4691	-4530	-4054	-3224	-3723	-3148	-3717	-3378	-4588	-5072	-3492	245	12	-785	-164	149	98	306	-1790	-3703	-1677	-2384	-2327	-3165
-35	-4705	-5178	-4836	-5239	-5174	-5377	-5323	-5159	-4939	-4645	-4444	-4256	-3961	-3118	-3485	-3876	-3602	-3457	-3854	-3957	-4070	-187	570	116	-28	-2955	-5021	-5036	-4921	-4580	-4264	-3922	-3237	-3419	-3560	-4527	-5099	-5183	-4884	-4102	-3362	-3835	-4103	-5088	-3759	-3178	-3542	-4738	-4927	-4432	-4189	-2899	-3481	-3730	-3900	-4290	-4647	-4876	-4763	-4398	-5295	-5525	-4904	-2863	-280	42	-4239	-4765	-3247	-1593	-894	-1259
-40	-2010	-3217	-4756	-5062	-5107	-5134	-5342	-5372	-5249	-5025	-4692	-4251	-3811	-3023	-3420	-3996	-4164	-3865	-3664	-3530	-3491	491	536	-54	-2039	-5462	-5248	-5128	-5198	-4944	-4605	-4055	-3287	-3580	-3972	-4267	-4412	-4724	-4531	-4919	-4668	-4393	-4775	-3523	-2654	-2987	-3691	-4741	-4996	-4349	-3801	-3101	-3051	-3048	-3105	-3579	-3994	-4214	-4389	-4608	-4876	-5126	-5183	-4961	-3825	-1263	-4431	-4746	-4572	-2160	-103	-1381
-45	-3862	-5041	-5105	-5038	-4894	-4789	-4856	-4888	-4974	-4766	-4360	-3951	-3389	-2971	-3493	-4027	-4354	-4401	-4232	-3857	-2703	687	185	-126	-2644	-5365	-5606	-5274	-5383	-5160	-4696	-4314	-3786	-3161	-3323	-4018	-4338	-3892	-4617	-4627	-4975	-5293	-3965	-3431	-3107	-3094	-3402	-4374	-3709	-1518	-2256	-3259	-3634	-3750	-3470	-3162	-3247	-3454	-3735	-3984	-4172	-4297	-4163	-3906	-4257	-3036	-4331	-4736	-4374	-860	-1035	-1620
-50	-5039	-5295	-5016	-4817	-4606	-4356	-4109	-3814	-3882	-4205	-3863	-3401	-3021	-3515	-3861	-4259	-4528	-4862	-4802	-4475	-3309	52	8	-250	-761	-2369	-3084	-2528	-3064	-4126	-4447	-4313	-4244	-3775	-2846	-2565	-2837	-3487	-3525	-3554	-3887	-4524	-5118	-4264	-3158	-3986	-4271	-4611	-4398	-3342	-1237	-2361	-4147	-4364	-3994	-3749	-3695	-3594	-3701	-3992	-4355	-4168	-3635	-3242	-3259	-4022	-4224	-4239	-3840	-929	-1594	-4422
-55	-4981	-4870	-4631	-4403	-3820	-3279	-2967	-3367	-3341	-3736	-4019	-4118	-4188	-4381	-4502	-4639	-4744	-5041	-5110	-4950	-4657	-3737	-2531	-3800	-3799	-3972	-3697	-3344	-2892	-3296	-3388	-4657	-4351	-4228	-3933	-3973	-4462	-4984	-5334	-4973	-4910	-5426	-5506	-5067	-4975	-5140	-5171	-4914	-4734	-3793	-2912	-1944	-3283	-4495	-4404	-4279	-4303	-4397	-4562	-4624	-4691	-4776	-4572	-4225	-3555	-3270	-3428	-3712	-4384	-4589	-5273	-5047
-60	-3827	-3477	-3229	-3300	-3105	-3195	-3669	-4113	-4445	-4695	-4814	-5013	-4989	-5081	-5022	-5022	-4984	-4831	-4775	-4714	-4539	-4067	-3147	-2014	-1268	-1823	-2826	-3023	-3725	-3981	-4371	-4666	-4808	-5102	-5197	-5229	-4718	-5090	-5304	-5225	-5073	-5166	-5053	-5067	-4922	-4727	-4790	-4663	-4360	-4085	-3843	-3419	-2629	-3756	-3751	-3180	-3416	-3837	-3728	-3810	-4010	-4117	-4003	-3914	-3961	-3836	-3379	-2711	-2869	-3229	-3742	-3928
-65	-3261	-3533	-3615	-3860	-4121	-4305	-4354	-4306	-4423	-4463	-4343	-4223	-4372	-4359	-4446	-4584	-4550	-4274	-3989	-3674	-2993	-1438	60	95	-498	-2181	-3848	-4283	-4513	-4665	-4719	-4735	-4897	-4840	-4264	-4153	-3473	-3668	-2756	-3793	-4061	-3750	-2103	-2796	-1602	-323	861	250	-385	-768	-1283	-993	86	441	967	1108	1328	951	859	532	599	728	1132	985	279	-408	-860	-1617	-2318	-2616	-3125	-3462
-70	-1607	-3432	-3958	-4052	-4127	-4146	-4109	-3743	-3303	-2828	-1909	-1660	-1185	-1309	-1382	-768	-355	-264	-97	-112	-48	350	1057	767	-527	-1175	-1574	-2293	-3078	-3165	-3226	-2809	-1777	-28	1018	1275	1671	2228	2308	2208	1906	2128	2088	2313	2582	2670	2660	2462	1840	911	1481	2523	2964	3157	3249	3187	2950	2845	2876	2884	2915	2862	2751	2637	2388	2159	2059	1957	1280	271	-1075	-1551
-75	-396	-560	-685	-982	-1063	-628	39	628	1125	1470	1653	1611	1549	1362	1279	1282	1409	1492	1449	521	212	349	228	-119	-237	-80	58	-227	-422	-66	427	1175	2031	2678	2836	2792	2948	3324	3393	3371	3357	3351	3327	3304	3213	3043	2908	2811	2647	2711	3092	3311	3430	3590	3664	3615	3462	3292	3182	3125	3086	2965	2712	2617	2537	2401	2216	1884	448	-297	-379	-326
-80	158	119	37	0	1	162	302	408	590	726	887	1040	1407	1681	2002	2166	2147	2060	1591	1013	648	498	380	296	433	744	727	748	993	1214	1540	1978	2472	2738	2782	2701	2745	2966	3094	3179	3272	3379	3478	3544	3607	3611	3653	3677	3713	3816	3814	3767	3684	3701	3522	3391	3313	3238	3122	3069	2958	2793	2674	2536	2442	2290	2019	1811	1177	706	427	288
-85	2821	2869	2703	2403	2314	2123	2173	2211	2253	2263	2261	2372	2361	2392	2452	2412	2378	2353	2131	1929	1867	1987	2110	2215	2213	2214	2254	2305	2376	2438	2498	2562	2648	2724	2731	2713	2723	2753	2836	2849	2858	2875	2912	2942	2997	3041	3045	3066	3087	3106	3109	3109	3095	3098	3085	3073	3058	3050	3032	3010	2951	2915	2904	2898	2900	2890	2864	2810	2790	2789	2860	2869  
